4.762515981550300426e-01
4.696518662286952583e-01
4.997042430568300886e-01
4.643004398420544354e-01
4.364880435054335206e-01
3.317444971958379285e-01
6.888572779769761012e-02
2.842766975090668842e-03
3.628191854669446381e-01
7.519110531962019950e-02
4.763652625204850555e-01
1.653912363638337241e-02
4.729961027760811731e-01
4.674661932159233646e-01
2.063286103412877853e-02
4.316377046453125921e-01
3.976908210638689378e-01
3.723810555924089161e-01
3.462862952144765694e-01
3.379059450794835717e-01
8.100274594627577818e-01
1.651818335853196332e-02
5.308827632621337944e-01
4.552876047522606551e-01
4.421173043305577366e-01
2.066753197530077357e-01
3.839549531680133132e-01
1.920210193043878355e-01
3.407159804677961090e-01
5.587568643165700261e-02
4.763899096433870661e-01
5.520742725886298441e-01
4.735672539816271343e-01
4.724849803449169758e-03
4.180198567016999434e-01
2.834434195172070171e-03
2.732339666722753413e-01
1.922700256744277808e-03
1.164125336874319294e-01
3.202538757231280786e-01
7.350400642703575071e-01
9.607196533592947743e-03
5.037647320581520663e-03
4.724921798869751721e-01
2.872296646406514997e-03
4.107279633082062675e-01
3.980202040004945374e-01
3.562897964148375451e-01
3.455829735728728758e-01
5.388968883072203786e-02
4.763645983819867480e-01
1.067343625838366485e-02
3.932708127966369309e-03
4.736931919773194055e-01
4.350467615280501632e-01
4.214474150693869325e-01
3.796384520403633944e-01
3.723550392699522260e-01
3.462554146526541365e-01
8.915000663547090198e-02
4.763600339089966162e-01
5.424761853807480612e-03
2.940640841773856790e-03
4.694495360084831592e-01
4.349950186170311039e-01
4.314408545290829289e-01
3.972741304683423680e-01
3.723451121083780069e-01
3.462467249360512422e-01
8.906462468416724565e-02
4.244622852509200711e-02
4.770484570718599993e-01
2.721145776290870028e-03
4.521676319177772019e-01
1.316392286899766527e-03
4.210310461136577698e-01
8.669236010616977219e-04
3.721314838240112333e-01
3.462394864042862008e-01
3.017152585497481221e-01
8.037431849494478531e-01
5.394774490672414879e-01
2.246445858542838511e-03
1.469471668914076323e-01
4.349735222809973934e-01
4.214706970438210076e-01
3.981142940277528908e-01
3.561774569477829111e-01
5.214390389516401943e-03
3.350803303789810506e-01
2.772000081423859341e-01
4.773271754286079749e-01
4.745559013055112296e-01
4.650042903769652791e-01
7.554977486064739503e-04
4.114805454154674136e-01
3.981074762338551176e-01
3.723290805367687750e-01
3.442066953113398129e-04
8.884049103964272720e-02
4.757811743856392717e-01
4.770453580812041294e-01
4.718818996183274384e-01
1.426488499172716973e-01
4.349596671322054076e-01
4.435778612987798680e-04
3.831461506643201731e-01
2.916884740882107088e-04
3.078916373685428587e-01
3.196262917900796752e-01
