5.025807888775516430e-01
5.171700274178642198e-01
5.756270955245613719e-01
2.599620697354403931e-01
6.470199327489262187e-01
5.108130238671322321e-01
5.685076296562612264e-01
6.192034645577129126e-01
5.612499345971522224e-01
5.799370718259468926e-01
5.041277754293405078e-01
6.133517416933020883e-01
5.583528971392093254e-01
5.888854146769771924e-01
5.774695150498765361e-01
5.716469827800717551e-01
5.541993095081872989e-01
5.532915606499070327e-01
5.440649429990160879e-01
5.573512741760424660e-01
8.913227870379957229e-01
5.319078229111200429e-01
2.709803301623797678e-01
4.514189070402552795e-01
4.842194489590643386e-02
5.672005067573977488e-01
5.922602451847415184e-01
5.247738049310959330e-01
5.613840011708429723e-01
4.039899630658145419e-02
3.684449992698699550e-01
6.331993260133536583e-02
6.153295062372223651e-02
4.822949993786662670e-02
4.388895887555348263e-02
5.616795844272350902e-01
6.708371103646059153e-01
5.594495307820199770e-01
5.463852615945389291e-01
3.652800656859463840e-02
4.813801481156432249e-02
5.767671578471021965e-01
7.652033232995592016e-02
4.463636853734964660e-02
5.725433308405556421e-01
6.732686041599100779e-01
6.782680606241314747e-01
5.616050009295631140e-01
3.711792143916259334e-02
8.904320069578890162e-02
4.770679866522164331e-02
6.099602474045668909e-01
5.473820519764389658e-01
6.537462640737727593e-02
3.632481031058017173e-02
5.911530806870678445e-01
6.534044986618283701e-01
5.968827381348464911e-01
5.616036300198359310e-01
5.777298162673302206e-01
5.042914842439830680e-01
5.340677984243703547e-01
7.625367730137014299e-02
3.667542969485730608e-02
5.698334308953231231e-01
6.805960565843983678e-01
2.320481626091941765e-02
6.731702561778628580e-01
5.618300808023892756e-01
5.850320595200113605e-01
5.042358285596461043e-01
5.323367086442754026e-01
1.180097446984369886e-01
2.910268012050078526e-02
6.212507364274221233e-01
6.172664946499866190e-01
3.724759675646061030e-02
6.028128104857465308e-01
1.472392622614106424e-02
5.587487477074746245e-01
5.049407572667143906e-01
6.395898788961761339e-01
5.594863813525311480e-01
6.837427301126651757e-01
5.606602056963192471e-01
6.843746649040638452e-01
6.578366247896394459e-01
2.348259664130489949e-02
5.628658687668629534e-01
6.687471056284101101e-01
5.403006072513902858e-01
5.324140828941030801e-01
5.813980157522724568e-01
5.737516218474255636e-01
6.205465486366718020e-01
3.670695113113499330e-02
5.828496949758837919e-01
2.638985751186065376e-02
6.552654920784023451e-01
2.047719321949052415e-02
9.180191916060827240e-02
6.348635970186033983e-01
5.792770684873209674e-01
7.070787805876846965e-01
6.867453376794551145e-01
6.804772775140480734e-01
2.574139941473837373e-02
5.136407764266313070e-01
1.961098910095291498e-02
5.534396223529858272e-01
