6.173743651066976312e-01
2.858418051871000620e-01
6.071884455940573799e-01
5.623753997733792476e-01
1.206783145171300420e-01
5.301474423643235401e-01
5.923835680639087942e-01
5.106826803119238756e-01
5.713501761104801124e-01
5.598612211844242736e-01
5.714864116362855517e-01
6.620591392174404177e-01
5.713501761104801124e-01
6.225998796467961949e-01
5.212260180216840011e-01
5.882630117088367694e-01
5.791443327849118416e-01
5.757607324937807913e-01
5.667455476958362937e-01
5.596047366175578297e-01
5.668824958482429066e-01
6.618323597826843985e-01
5.667455476958362937e-01
6.224861537783966670e-01
5.626624725407810557e-01
5.913991468566560661e-01
5.834370398240339428e-01
5.742049028047967463e-01
5.666476513593879938e-01
5.594778552957343498e-01
5.667846382796699611e-01
6.616627616131833811e-01
5.666476513593879938e-01
6.211588545682168450e-01
5.621836392267455240e-01
5.879327531659878092e-01
4.910683855835775158e-01
1.525612486691249881e-01
5.400539254742892092e-01
3.474584498034609670e-01
6.021534240117812908e-01
1.117174485600424400e-01
6.868044746439469495e-02
4.500096019707976458e-01
5.978916633183546381e-01
5.894903016690569153e-01
5.783789110768663422e-01
4.522932627395016558e-01
5.592452979426563164e-01
2.455516340704633205e-01
4.398395846555140931e-01
3.122320525917064993e-01
6.220347347740075028e-01
2.826996347398822440e-01
6.039064076745297438e-01
1.302552801916211644e-01
5.921567256218781550e-01
5.168725059904315522e-01
5.589185409410558636e-01
1.787769304846293858e-02
6.559933767733235888e-01
6.578429698025134442e-01
6.008894073182541318e-01
2.483049590545906640e-02
6.458293471488458781e-01
1.711557149382521639e-02
4.886792629490571693e-01
1.601320145764479133e-02
5.400182058974756227e-01
5.616817479461495566e-01
5.401590710914012661e-01
6.534224835263933162e-01
5.400182058974756227e-01
6.213093253346240186e-01
6.207410696597492894e-01
5.893231419322441100e-01
4.877607168200251975e-01
8.192981526063757014e-03
5.295542001301836166e-01
4.146025891587789419e-02
6.048772704002429723e-01
5.222532386994547249e-01
4.146025891587789419e-02
6.214004410062347050e-01
5.910664626404159572e-01
5.571273596994194000e-01
4.885631784158713242e-01
2.135053293345928194e-01
5.743459950221651011e-01
5.505994984995340458e-01
6.003386910016963451e-01
5.505994984995340458e-01
6.334576985715927311e-01
5.505994984995340458e-01
6.093726850301524056e-01
6.561368569252093996e-01
4.319399624036175389e-01
5.029984255552049088e-01
5.695550994588950422e-01
5.597535176514746302e-01
6.003443549132270185e-01
5.597535176514746302e-01
6.334519931855787656e-01
5.597535176514746302e-01
6.093653681448288895e-01
5.597535176514746302e-01
5.867363743788822639e-01
4.777803986762969579e-01
5.589047894313421416e-01
5.597415081445675789e-01
