5.382521815334745385e-01
5.721701215852346145e-01
3.355999271972653353e-01
3.101755379227275622e-01
3.256925163737222628e-01
5.576238259469540326e-01
3.301227853415841240e-01
2.043202350375452614e-01
5.699414044673981605e-01
4.172320601645040372e-01
5.619579499430559233e-01
5.827274231712514796e-01
2.793186184261058358e-01
2.331111155838338223e-01
2.007158896632784961e-01
6.571194206063860621e-01
3.955980783671048662e-01
5.660452453369709813e-01
1.344194601194896033e-01
5.643762642186544998e-01
5.818485289562218554e-01
7.381877185581660061e-01
3.369682244598632970e-01
5.541857916830128516e-01
1.706715934031318715e-01
1.138485572826068992e-01
1.918625284807031484e-01
4.133285555097239161e-01
2.609002354507897747e-01
3.842189549651390812e-01
5.631823676097216236e-01
3.865496519422035870e-01
5.758762717519115837e-01
3.842189549651390812e-01
5.626719928108561142e-01
3.842189549651390812e-01
5.444360224884360333e-01
5.382836300506452787e-01
5.393280183536667272e-01
5.417006689108713191e-01
5.608791217348810809e-01
6.379689213661702274e-01
1.364186608635111486e-01
5.779230141507168961e-01
1.687459992165379896e-01
5.491026796780950070e-01
4.054975982081571173e-02
5.612479755882485710e-01
3.870601653079062954e-02
5.548434998167020016e-01
4.155221115189732806e-01
5.813297781884660953e-01
9.748460267240410815e-02
5.855709467186810402e-01
4.725591215676303025e-02
4.105906148488375901e-02
5.590066910622686347e-01
6.310642640707379014e-01
3.210452691422185922e-02
5.554537448283313195e-01
5.552666667572248027e-01
5.480396549004273865e-01
1.387177680589676276e-01
1.454457946975175608e-01
9.714194684599183893e-02
5.728158038081568870e-01
3.406122057825081845e-02
5.764960501903406698e-01
5.773915409163049572e-01
5.365703435311608427e-01
5.638535540441896865e-01
4.880840279878903565e-01
4.283661516060362495e-01
3.988644834484555424e-01
2.723316917274156146e-01
3.869789395963965650e-01
1.963785638238343123e-01
4.312051404178465219e-01
1.560787593302430110e-01
5.537885177035400952e-01
8.629630327352113550e-01
9.420067921065920780e-02
6.353480394613639781e-01
4.445874080077388824e-01
5.688833056009292566e-01
0.000000000000000000e+00
4.344370648011369185e-01
5.372091252098456504e-01
4.054771367296051143e-01
5.387149300217072279e-01
8.678292564668843578e-01
1.024621538743929888e-01
5.101521259437551414e-01
5.066375128901828839e-01
2.492755071273501932e-01
1.522515491950127975e-01
5.941162857700102995e-01
7.819929730386138492e-03
1.155022058787746886e-01
5.492481533747946010e-01
5.638557355174557140e-01
6.554060068560459973e-01
5.738743767189266043e-01
6.499652446126771288e-01
5.754733966078876550e-01
5.720450568573146599e-01
4.334348660820588339e-01
7.807622352469495430e-02
5.729283004226561893e-01
5.383356054290341364e-01
