[0.         0.         0.         0.00245098 0.00245098 0.00490196
 0.00490196 0.00735294 0.00735294 0.00980392 0.00980392 0.0122549
 0.0122549  0.01470588 0.01470588 0.01715686 0.01715686 0.01960784
 0.01960784 0.02205882 0.02205882 0.0245098  0.0245098  0.02696078
 0.02696078 0.02941176 0.02941176 0.03676471 0.03676471 0.03921569
 0.03921569 0.04166667 0.04166667 0.04411765 0.04411765 0.04656863
 0.04656863 0.05147059 0.05147059 0.05392157 0.05392157 0.05637255
 0.05637255 0.06127451 0.06127451 0.06372549 0.06372549 0.06617647
 0.06617647 0.06862745 0.06862745 0.07352941 0.07352941 0.07598039
 0.07598039 0.07843137 0.07843137 0.08088235 0.08088235 0.08333333
 0.08333333 0.08823529 0.08823529 0.09313725 0.09313725 0.09558824
 0.09558824 0.1004902  0.1004902  0.10294118 0.10294118 0.10539216
 0.10539216 0.11029412 0.11029412 0.1127451  0.1127451  0.11519608
 0.11519608 0.11764706 0.11764706 0.12009804 0.12009804 0.12745098
 0.12745098 0.13235294 0.13235294 0.1372549  0.1372549  0.13970588
 0.13970588 0.14215686 0.14215686 0.1495098  0.1495098  0.15441176
 0.15441176 0.16176471 0.16176471 0.16421569 0.16421569 0.16666667
 0.16666667 0.16911765 0.16911765 0.17892157 0.17892157 0.18137255
 0.18137255 0.18382353 0.18382353 0.18627451 0.18627451 0.19607843
 0.19607843 0.20588235 0.20588235 0.20833333 0.20833333 0.21323529
 0.21323529 0.22058824 0.22058824 0.23284314 0.23284314 0.24754902
 0.24754902 0.25490196 0.25490196 0.2622549  0.2622549  0.26960784
 0.26960784 0.2745098  0.2745098  0.27696078 0.27696078 0.28186275
 0.28186275 0.28431373 0.28431373 0.28921569 0.28921569 0.29411765
 0.29411765 0.29901961 0.29901961 0.30392157 0.30392157 0.30637255
 0.30637255 0.30882353 0.30882353 0.31372549 0.31372549 0.31862745
 0.31862745 0.32843137 0.32843137 0.33088235 0.33088235 0.34068627
 0.34068627 0.36519608 0.36519608 0.36764706 0.36764706 0.37254902
 0.37254902 0.37745098 0.37745098 0.37990196 0.37990196 0.38235294
 0.38235294 0.40931373 0.40931373 0.41421569 0.41421569 0.41666667
 0.41666667 0.47058824 0.47058824 0.49019608 0.49019608 0.50245098
 0.50245098 0.51960784 0.51960784 0.53921569 0.53921569 0.54411765
 0.54411765 0.54656863 0.54656863 0.57107843 0.57107843 0.57352941
 0.57352941 0.58578431 0.58578431 0.59558824 0.59558824 0.6127451
 0.6127451  0.625      0.625      0.63235294 0.63235294 0.64215686
 0.64215686 0.74509804 0.74509804 0.75       0.75       0.75980392
 0.75980392 0.76960784 0.76960784 0.78186275 0.78186275 0.79656863
 0.79656863 0.80147059 0.80147059 0.80637255 0.80637255 0.80882353
 0.80882353 0.85294118 0.85294118 0.86519608 0.86519608 0.87990196
 0.87990196 0.94117647 0.94117647 0.98039216 0.98039216 1.        ]
[0.         0.         0.         0.00245098 0.00245098 0.00490196
 0.00490196 0.00735294 0.00735294 0.00980392 0.00980392 0.01470588
 0.01470588 0.01715686 0.01715686 0.01960784 0.01960784 0.02205882
 0.02205882 0.0245098  0.0245098  0.02696078 0.02696078 0.02941176
 0.02941176 0.03676471 0.03676471 0.03921569 0.03921569 0.04166667
 0.04166667 0.04411765 0.04411765 0.05392157 0.05392157 0.05637255
 0.05637255 0.05882353 0.05882353 0.06127451 0.06127451 0.06617647
 0.06617647 0.06862745 0.06862745 0.07107843 0.07107843 0.07598039
 0.07598039 0.07843137 0.07843137 0.08088235 0.08088235 0.08333333
 0.08333333 0.09068627 0.09068627 0.09558824 0.09558824 0.10294118
 0.10294118 0.11519608 0.11519608 0.12009804 0.12009804 0.12254902
 0.12254902 0.1372549  0.1372549  0.15441176 0.15441176 0.17156863
 0.17156863 0.17401961 0.17401961 0.17647059 0.17647059 0.18137255
 0.18137255 0.18382353 0.18382353 0.18872549 0.18872549 0.19117647
 0.19117647 0.19362745 0.19362745 0.19607843 0.19607843 0.19852941
 0.19852941 0.20098039 0.20098039 0.20343137 0.20343137 0.20833333
 0.20833333 0.22303922 0.22303922 0.23039216 0.23039216 0.23529412
 0.23529412 0.24754902 0.24754902 0.25       0.25       0.25490196
 0.25490196 0.26470588 0.26470588 0.27941176 0.27941176 0.29411765
 0.29411765 0.29656863 0.29656863 0.29901961 0.29901961 0.30147059
 0.30147059 0.31372549 0.31372549 0.31617647 0.31617647 0.31862745
 0.31862745 0.32843137 0.32843137 0.33088235 0.33088235 0.33333333
 0.33333333 0.35539216 0.35539216 0.3627451  0.3627451  0.37009804
 0.37009804 0.375      0.375      0.37745098 0.37745098 0.39705882
 0.39705882 0.40196078 0.40196078 0.41666667 0.41666667 0.42401961
 0.42401961 0.43627451 0.43627451 0.44117647 0.44117647 0.45588235
 0.45588235 0.49019608 0.49019608 0.50980392 0.50980392 0.51715686
 0.51715686 0.53431373 0.53431373 0.53921569 0.53921569 0.54411765
 0.54411765 0.55147059 0.55147059 0.56127451 0.56127451 0.57107843
 0.57107843 0.57352941 0.57352941 0.65441176 0.65441176 0.66421569
 0.66421569 0.69362745 0.69362745 0.71813725 0.71813725 0.72794118
 0.72794118 0.75245098 0.75245098 0.80392157 0.80392157 0.80882353
 0.80882353 0.81617647 0.81617647 0.82843137 0.82843137 0.83088235
 0.83088235 0.85784314 0.85784314 0.87009804 0.87009804 0.90686275
 0.90686275 0.98284314 0.98284314 1.        ]
[0.         0.         0.         0.00245098 0.00245098 0.00490196
 0.00490196 0.00980392 0.00980392 0.0122549  0.0122549  0.01470588
 0.01470588 0.01715686 0.01715686 0.01960784 0.01960784 0.02205882
 0.02205882 0.0245098  0.0245098  0.02696078 0.02696078 0.02941176
 0.02941176 0.03431373 0.03431373 0.03676471 0.03676471 0.03921569
 0.03921569 0.04656863 0.04656863 0.05882353 0.05882353 0.06127451
 0.06127451 0.06372549 0.06372549 0.06617647 0.06617647 0.06862745
 0.06862745 0.07107843 0.07107843 0.07352941 0.07352941 0.07598039
 0.07598039 0.07843137 0.07843137 0.08088235 0.08088235 0.08333333
 0.08333333 0.08578431 0.08578431 0.09068627 0.09068627 0.09313725
 0.09313725 0.10294118 0.10294118 0.10784314 0.10784314 0.11029412
 0.11029412 0.11764706 0.11764706 0.12254902 0.12254902 0.125
 0.125      0.12990196 0.12990196 0.13480392 0.13480392 0.13970588
 0.13970588 0.14460784 0.14460784 0.15441176 0.15441176 0.15686275
 0.15686275 0.16421569 0.16421569 0.16911765 0.16911765 0.17156863
 0.17156863 0.17401961 0.17401961 0.17892157 0.17892157 0.18137255
 0.18137255 0.18382353 0.18382353 0.18627451 0.18627451 0.18872549
 0.18872549 0.19362745 0.19362745 0.19852941 0.19852941 0.20833333
 0.20833333 0.22058824 0.22058824 0.24019608 0.24019608 0.24264706
 0.24264706 0.24509804 0.24509804 0.25490196 0.25490196 0.25980392
 0.25980392 0.2622549  0.2622549  0.26470588 0.26470588 0.26960784
 0.26960784 0.2745098  0.2745098  0.27941176 0.27941176 0.28186275
 0.28186275 0.28676471 0.28676471 0.28921569 0.28921569 0.32598039
 0.32598039 0.33088235 0.33088235 0.33333333 0.33333333 0.34068627
 0.34068627 0.34558824 0.34558824 0.35294118 0.35294118 0.36029412
 0.36029412 0.37254902 0.37254902 0.37745098 0.37745098 0.38480392
 0.38480392 0.3872549  0.3872549  0.39215686 0.39215686 0.40196078
 0.40196078 0.42401961 0.42401961 0.42647059 0.42647059 0.46568627
 0.46568627 0.48284314 0.48284314 0.5122549  0.5122549  0.52696078
 0.52696078 0.54166667 0.54166667 0.54411765 0.54411765 0.56127451
 0.56127451 0.57843137 0.57843137 0.58088235 0.58088235 0.60294118
 0.60294118 0.61519608 0.61519608 0.63480392 0.63480392 0.68382353
 0.68382353 0.69117647 0.69117647 0.70343137 0.70343137 0.71813725
 0.71813725 0.72058824 0.72058824 0.75245098 0.75245098 0.75735294
 0.75735294 0.75980392 0.75980392 0.77205882 0.77205882 0.79166667
 0.79166667 0.81617647 0.81617647 0.81862745 0.81862745 0.84313725
 0.84313725 0.87745098 0.87745098 0.88480392 0.88480392 0.90441176
 0.90441176 0.90931373 0.90931373 0.96568627 0.96568627 1.        ]
[0.         0.         0.         0.00245098 0.00245098 0.00490196
 0.00490196 0.00735294 0.00735294 0.00980392 0.00980392 0.0122549
 0.0122549  0.01470588 0.01470588 0.01715686 0.01715686 0.01960784
 0.01960784 0.02205882 0.02205882 0.0245098  0.0245098  0.02696078
 0.02696078 0.02941176 0.02941176 0.03186275 0.03186275 0.03431373
 0.03431373 0.03921569 0.03921569 0.04656863 0.04656863 0.04901961
 0.04901961 0.05147059 0.05147059 0.05392157 0.05392157 0.06127451
 0.06127451 0.06617647 0.06617647 0.06862745 0.06862745 0.07352941
 0.07352941 0.07598039 0.07598039 0.08333333 0.08333333 0.08578431
 0.08578431 0.08823529 0.08823529 0.09068627 0.09068627 0.09313725
 0.09313725 0.09558824 0.09558824 0.10294118 0.10294118 0.10539216
 0.10539216 0.10784314 0.10784314 0.11764706 0.11764706 0.12254902
 0.12254902 0.125      0.125      0.12745098 0.12745098 0.12990196
 0.12990196 0.13480392 0.13480392 0.1372549  0.1372549  0.13970588
 0.13970588 0.14215686 0.14215686 0.14705882 0.14705882 0.1495098
 0.1495098  0.15196078 0.15196078 0.15686275 0.15686275 0.16911765
 0.16911765 0.17156863 0.17156863 0.17892157 0.17892157 0.18382353
 0.18382353 0.19117647 0.19117647 0.19852941 0.19852941 0.20098039
 0.20098039 0.20343137 0.20343137 0.20833333 0.20833333 0.21323529
 0.21323529 0.21568627 0.21568627 0.21813725 0.21813725 0.22058824
 0.22058824 0.22303922 0.22303922 0.23039216 0.23039216 0.24509804
 0.24509804 0.25245098 0.25245098 0.26470588 0.26470588 0.26960784
 0.26960784 0.27205882 0.27205882 0.2745098  0.2745098  0.29166667
 0.29166667 0.29901961 0.29901961 0.30392157 0.30392157 0.31127451
 0.31127451 0.31372549 0.31372549 0.31617647 0.31617647 0.32107843
 0.32107843 0.32598039 0.32598039 0.32843137 0.32843137 0.33823529
 0.33823529 0.36519608 0.36519608 0.375      0.375      0.38235294
 0.38235294 0.40196078 0.40196078 0.41421569 0.41421569 0.42401961
 0.42401961 0.42892157 0.42892157 0.43137255 0.43137255 0.44607843
 0.44607843 0.45343137 0.45343137 0.45833333 0.45833333 0.46323529
 0.46323529 0.47058824 0.47058824 0.49509804 0.49509804 0.5
 0.5        0.51960784 0.51960784 0.52696078 0.52696078 0.53676471
 0.53676471 0.55637255 0.55637255 0.56372549 0.56372549 0.57107843
 0.57107843 0.58333333 0.58333333 0.58823529 0.58823529 0.59068627
 0.59068627 0.59803922 0.59803922 0.60784314 0.60784314 0.61029412
 0.61029412 0.6127451  0.6127451  0.64460784 0.64460784 0.65196078
 0.65196078 0.65931373 0.65931373 0.68872549 0.68872549 0.71813725
 0.71813725 0.73284314 0.73284314 0.74264706 0.74264706 0.76715686
 0.76715686 0.84068627 0.84068627 0.85294118 0.85294118 0.86029412
 0.86029412 0.87009804 0.87009804 0.91911765 0.91911765 0.92401961
 0.92401961 0.96078431 0.96078431 1.        ]
