[0.         0.         0.00714286 0.00714286 0.02142857 0.02142857
 0.03571429 0.03571429 0.04285714 0.04285714 0.06428571 0.06428571
 0.07857143 0.07857143 0.09285714 0.09285714 0.1        0.1
 0.11428571 0.11428571 0.12857143 0.12857143 0.14285714 0.14285714
 0.18571429 0.18571429 0.23571429 0.23571429 0.25714286 0.25714286
 0.26428571 0.26428571 0.27142857 0.27142857 0.27857143 0.27857143
 0.3        0.3        0.30714286 0.30714286 0.32142857 0.32142857
 0.32857143 0.32857143 0.34285714 0.34285714 0.39285714 0.39285714
 0.47142857 0.47142857 0.51428571 0.51428571 0.52857143 0.52857143
 0.53571429 0.53571429 0.56428571 0.56428571 0.71428571 0.71428571
 0.73571429 0.73571429 0.77857143 0.77857143 0.80714286 0.80714286
 1.        ]
[0.         0.         0.         0.01428571 0.01428571 0.02142857
 0.02142857 0.02857143 0.02857143 0.05       0.05       0.06428571
 0.06428571 0.07142857 0.07142857 0.07857143 0.07857143 0.09285714
 0.09285714 0.1        0.1        0.12142857 0.12142857 0.15
 0.15       0.15714286 0.15714286 0.16428571 0.16428571 0.18571429
 0.18571429 0.2        0.2        0.20714286 0.20714286 0.25
 0.25       0.27857143 0.27857143 0.28571429 0.28571429 0.32857143
 0.32857143 0.35714286 0.35714286 0.36428571 0.36428571 0.37857143
 0.37857143 0.42142857 0.42142857 0.44285714 0.44285714 0.45
 0.45       0.45714286 0.45714286 0.48571429 0.48571429 0.52857143
 0.52857143 0.54285714 0.54285714 0.56428571 0.56428571 0.62857143
 0.62857143 0.69285714 0.69285714 0.71428571 0.71428571 0.72142857
 0.72142857 0.78571429 0.78571429 0.84285714 0.84285714 1.        ]
[0.         0.         0.01428571 0.01428571 0.02142857 0.02142857
 0.02857143 0.02857143 0.03571429 0.03571429 0.04285714 0.04285714
 0.06428571 0.06428571 0.07857143 0.07857143 0.08571429 0.08571429
 0.10714286 0.10714286 0.11428571 0.11428571 0.14285714 0.14285714
 0.15       0.15       0.15714286 0.15714286 0.16428571 0.16428571
 0.2        0.2        0.20714286 0.20714286 0.24285714 0.24285714
 0.27142857 0.27142857 0.3        0.3        0.30714286 0.30714286
 0.31428571 0.31428571 0.32857143 0.32857143 0.39285714 0.39285714
 0.42142857 0.42142857 0.44285714 0.44285714 0.45714286 0.45714286
 0.61428571 0.61428571 0.63571429 0.63571429 0.73571429 0.73571429
 0.77142857 0.77142857 0.79285714 0.79285714 0.95714286 0.95714286
 1.        ]
[0.         0.         0.00714286 0.00714286 0.01428571 0.01428571
 0.02142857 0.02142857 0.02857143 0.02857143 0.03571429 0.03571429
 0.07142857 0.07142857 0.07857143 0.07857143 0.08571429 0.08571429
 0.1        0.1        0.13571429 0.13571429 0.14285714 0.14285714
 0.16428571 0.16428571 0.17142857 0.17142857 0.17857143 0.17857143
 0.18571429 0.18571429 0.21428571 0.21428571 0.23571429 0.23571429
 0.25       0.25       0.33571429 0.33571429 0.36428571 0.36428571
 0.42857143 0.42857143 0.44285714 0.44285714 0.45       0.45
 0.46428571 0.46428571 0.47142857 0.47142857 0.5        0.5
 0.52142857 0.52142857 0.53571429 0.53571429 0.60714286 0.60714286
 0.93571429 0.93571429 1.        ]
