[0.         0.0027248  0.04632153 0.04632153 0.14441417 0.14441417
 0.28337875 0.28337875 0.29972752 0.29972752 0.3133515  0.3133515
 0.31607629 0.31607629 0.31880109 0.31880109 0.32425068 0.32425068
 0.39509537 0.39509537 0.40871935 0.40871935 0.4359673  0.4359673
 0.46049046 0.46049046 0.49046322 0.49046322 0.50953678 0.50953678
 0.51498638 0.51498638 0.52588556 0.52588556 0.52861035 0.52861035
 0.53133515 0.53133515 0.54223433 0.54223433 0.54495913 0.54495913
 0.55858311 0.55858311 0.58038147 0.58038147 0.58855586 0.58855586
 0.60490463 0.60490463 0.626703   0.626703   0.64032698 0.64032698
 0.64850136 0.64850136 0.65122616 0.65122616 0.65667575 0.65667575
 0.66212534 0.66212534 0.66485014 0.66485014 0.67029973 0.67029973
 0.67302452 0.67302452 0.67574932 0.67574932 0.67847411 0.67847411
 0.68119891 0.68119891 0.68392371 0.68392371 0.69209809 0.69209809
 0.69754768 0.69754768 0.70027248 0.70027248 0.70299728 0.70299728
 0.70844687 0.70844687 0.71662125 0.71662125 0.72207084 0.72207084
 0.72479564 0.72479564 0.72752044 0.72752044 0.73297003 0.73297003
 0.73569482 0.73569482 0.73841962 0.73841962 0.74114441 0.74114441
 0.74386921 0.74386921 0.74659401 0.74659401 0.76294278 0.76294278
 0.77656676 0.77656676 0.78201635 0.78201635 0.78474114 0.78474114
 0.78746594 0.78746594 0.79019074 0.79019074 0.79291553 0.79291553
 0.79836512 0.79836512 0.80108992 0.80108992 0.80381471 0.80381471
 0.80926431 0.80926431 0.8119891  0.8119891  0.8147139  0.8147139
 0.82016349 0.82016349 0.82288828 0.82288828 0.82561308 0.82561308
 0.82833787 0.82833787 0.83378747 0.83378747 0.83651226 0.83651226
 0.83923706 0.83923706 0.84468665 0.84468665 0.84741144 0.84741144
 0.85013624 0.85013624 0.85286104 0.85286104 0.85558583 0.85558583
 0.85831063 0.85831063 0.86103542 0.86103542 0.86648501 0.86648501
 0.86920981 0.86920981 0.8746594  0.8746594  0.88010899 0.88010899
 0.88555858 0.88555858 0.88828338 0.88828338 0.89373297 0.89373297
 0.89645777 0.89645777 0.90190736 0.90190736 0.90463215 0.90463215
 0.90735695 0.90735695 0.91008174 0.91008174 0.91825613 0.91825613
 0.92098093 0.92098093 0.92370572 0.92370572 0.92643052 0.92643052
 0.92915531 0.92915531 0.9346049  0.9346049  0.9373297  0.9373297
 0.9400545  0.9400545  0.94277929 0.94277929 0.94550409 0.94550409
 0.94822888 0.94822888 0.95095368 0.95095368 0.95367847 0.95367847
 0.95640327 0.95640327 0.95912807 0.95912807 0.96185286 0.96185286
 0.96457766 0.96457766 0.96730245 0.96730245 0.97002725 0.97002725
 0.97547684 0.97547684 0.97820163 0.97820163 0.98092643 0.98092643
 0.98365123 0.98365123 0.98637602 0.98637602 0.99182561 0.99182561
 0.99455041 0.99455041 0.9972752  0.9972752  1.         1.        ]
[0.         0.0027248  0.03814714 0.03814714 0.1280654  0.1280654
 0.27520436 0.27520436 0.30245232 0.30245232 0.32697548 0.32697548
 0.33242507 0.33242507 0.35149864 0.35149864 0.38419619 0.38419619
 0.44959128 0.44959128 0.46049046 0.46049046 0.47956403 0.47956403
 0.48228883 0.48228883 0.49318801 0.49318801 0.53133515 0.53133515
 0.54223433 0.54223433 0.54495913 0.54495913 0.55040872 0.55040872
 0.5613079  0.5613079  0.57220708 0.57220708 0.58038147 0.58038147
 0.58583106 0.58583106 0.58855586 0.58855586 0.59945504 0.59945504
 0.61852861 0.61852861 0.63760218 0.63760218 0.65122616 0.65122616
 0.65667575 0.65667575 0.66212534 0.66212534 0.66485014 0.66485014
 0.6866485  0.6866485  0.71389646 0.71389646 0.73024523 0.73024523
 0.73569482 0.73569482 0.73841962 0.73841962 0.74386921 0.74386921
 0.7493188  0.7493188  0.7520436  0.7520436  0.75476839 0.75476839
 0.76021798 0.76021798 0.76294278 0.76294278 0.76566757 0.76566757
 0.77111717 0.77111717 0.77384196 0.77384196 0.77656676 0.77656676
 0.77929155 0.77929155 0.78201635 0.78201635 0.78746594 0.78746594
 0.79291553 0.79291553 0.80381471 0.80381471 0.80926431 0.80926431
 0.8147139  0.8147139  0.82561308 0.82561308 0.82833787 0.82833787
 0.83106267 0.83106267 0.83651226 0.83651226 0.84196185 0.84196185
 0.84468665 0.84468665 0.84741144 0.84741144 0.85286104 0.85286104
 0.85831063 0.85831063 0.86376022 0.86376022 0.86648501 0.86648501
 0.86920981 0.86920981 0.8719346  0.8719346  0.8746594  0.8746594
 0.8773842  0.8773842  0.88010899 0.88010899 0.88283379 0.88283379
 0.88555858 0.88555858 0.88828338 0.88828338 0.89100817 0.89100817
 0.89373297 0.89373297 0.89645777 0.89645777 0.90190736 0.90190736
 0.90463215 0.90463215 0.90735695 0.90735695 0.91008174 0.91008174
 0.91825613 0.91825613 0.92098093 0.92098093 0.92370572 0.92370572
 0.92643052 0.92643052 0.92915531 0.92915531 0.93188011 0.93188011
 0.9346049  0.9346049  0.9373297  0.9373297  0.9400545  0.9400545
 0.94277929 0.94277929 0.94550409 0.94550409 0.94822888 0.94822888
 0.95367847 0.95367847 0.95640327 0.95640327 0.96185286 0.96185286
 0.96457766 0.96457766 0.96730245 0.96730245 0.97002725 0.97002725
 0.97275204 0.97275204 0.97820163 0.97820163 0.98092643 0.98092643
 0.98365123 0.98365123 0.98910082 0.98910082 0.99455041 0.99455041
 0.9972752  0.9972752  1.         1.        ]
[0.         0.0027248  0.04632153 0.04632153 0.14441417 0.14441417
 0.28882834 0.28882834 0.29427793 0.29427793 0.30790191 0.30790191
 0.32425068 0.32425068 0.3760218  0.3760218  0.40326975 0.40326975
 0.44959128 0.44959128 0.46049046 0.46049046 0.47138965 0.47138965
 0.47956403 0.47956403 0.48773842 0.48773842 0.49591281 0.49591281
 0.52588556 0.52588556 0.53950954 0.53950954 0.54223433 0.54223433
 0.55585831 0.55585831 0.57493188 0.57493188 0.58583106 0.58583106
 0.59945504 0.59945504 0.61035422 0.61035422 0.61307902 0.61307902
 0.63760218 0.63760218 0.64305177 0.64305177 0.64577657 0.64577657
 0.65122616 0.65122616 0.65395095 0.65395095 0.65667575 0.65667575
 0.66212534 0.66212534 0.66485014 0.66485014 0.67029973 0.67029973
 0.67574932 0.67574932 0.68119891 0.68119891 0.69209809 0.69209809
 0.69754768 0.69754768 0.70844687 0.70844687 0.72752044 0.72752044
 0.73297003 0.73297003 0.73569482 0.73569482 0.73841962 0.73841962
 0.74386921 0.74386921 0.74659401 0.74659401 0.75749319 0.75749319
 0.76021798 0.76021798 0.76566757 0.76566757 0.77111717 0.77111717
 0.77384196 0.77384196 0.77656676 0.77656676 0.77929155 0.77929155
 0.78201635 0.78201635 0.78746594 0.78746594 0.79019074 0.79019074
 0.79291553 0.79291553 0.79836512 0.79836512 0.80108992 0.80108992
 0.80653951 0.80653951 0.80926431 0.80926431 0.8119891  0.8119891
 0.82016349 0.82016349 0.82288828 0.82288828 0.82561308 0.82561308
 0.82833787 0.82833787 0.83378747 0.83378747 0.83651226 0.83651226
 0.84468665 0.84468665 0.84741144 0.84741144 0.85013624 0.85013624
 0.85286104 0.85286104 0.85558583 0.85558583 0.85831063 0.85831063
 0.86103542 0.86103542 0.86376022 0.86376022 0.8719346  0.8719346
 0.8746594  0.8746594  0.8773842  0.8773842  0.88010899 0.88010899
 0.88283379 0.88283379 0.88555858 0.88555858 0.89100817 0.89100817
 0.89918256 0.89918256 0.90190736 0.90190736 0.91008174 0.91008174
 0.91280654 0.91280654 0.91553134 0.91553134 0.91825613 0.91825613
 0.92098093 0.92098093 0.92370572 0.92370572 0.92643052 0.92643052
 0.92915531 0.92915531 0.93188011 0.93188011 0.9373297  0.9373297
 0.9400545  0.9400545  0.94550409 0.94550409 0.94822888 0.94822888
 0.95367847 0.95367847 0.95640327 0.95640327 0.95912807 0.95912807
 0.96185286 0.96185286 0.96457766 0.96457766 0.96730245 0.96730245
 0.97002725 0.97002725 0.97275204 0.97275204 0.97547684 0.97547684
 0.97820163 0.97820163 0.98092643 0.98092643 0.98365123 0.98365123
 0.98637602 0.98637602 0.98910082 0.98910082 0.99182561 0.99182561
 0.99455041 0.99455041 0.9972752  0.9972752  1.         1.        ]
[0.         0.0027248  0.04904632 0.04904632 0.17166213 0.17166213
 0.22070845 0.22070845 0.2506812  0.2506812  0.26430518 0.26430518
 0.26975477 0.26975477 0.32697548 0.32697548 0.33242507 0.33242507
 0.35422343 0.35422343 0.36239782 0.36239782 0.36784741 0.36784741
 0.39509537 0.39509537 0.40054496 0.40054496 0.40871935 0.40871935
 0.43324251 0.43324251 0.45504087 0.45504087 0.46321526 0.46321526
 0.47956403 0.47956403 0.49591281 0.49591281 0.51498638 0.51498638
 0.52316076 0.52316076 0.55040872 0.55040872 0.5613079  0.5613079
 0.57220708 0.57220708 0.57493188 0.57493188 0.57765668 0.57765668
 0.58583106 0.58583106 0.61035422 0.61035422 0.6239782  0.6239782
 0.62942779 0.62942779 0.63760218 0.63760218 0.64850136 0.64850136
 0.65122616 0.65122616 0.65940054 0.65940054 0.66212534 0.66212534
 0.66485014 0.66485014 0.67574932 0.67574932 0.67847411 0.67847411
 0.69209809 0.69209809 0.70572207 0.70572207 0.71117166 0.71117166
 0.71389646 0.71389646 0.71662125 0.71662125 0.72207084 0.72207084
 0.73297003 0.73297003 0.73569482 0.73569482 0.74386921 0.74386921
 0.74659401 0.74659401 0.7493188  0.7493188  0.75476839 0.75476839
 0.75749319 0.75749319 0.76021798 0.76021798 0.76294278 0.76294278
 0.76566757 0.76566757 0.76839237 0.76839237 0.77111717 0.77111717
 0.77384196 0.77384196 0.77929155 0.77929155 0.78201635 0.78201635
 0.78474114 0.78474114 0.78746594 0.78746594 0.79019074 0.79019074
 0.79564033 0.79564033 0.79836512 0.79836512 0.80108992 0.80108992
 0.80653951 0.80653951 0.80926431 0.80926431 0.8119891  0.8119891
 0.8147139  0.8147139  0.81743869 0.81743869 0.82288828 0.82288828
 0.82561308 0.82561308 0.82833787 0.82833787 0.83651226 0.83651226
 0.83923706 0.83923706 0.84196185 0.84196185 0.84741144 0.84741144
 0.85013624 0.85013624 0.85286104 0.85286104 0.85558583 0.85558583
 0.85831063 0.85831063 0.86103542 0.86103542 0.86920981 0.86920981
 0.8719346  0.8719346  0.8746594  0.8746594  0.8773842  0.8773842
 0.88283379 0.88283379 0.88555858 0.88555858 0.88828338 0.88828338
 0.89100817 0.89100817 0.89373297 0.89373297 0.89918256 0.89918256
 0.90190736 0.90190736 0.90735695 0.90735695 0.91008174 0.91008174
 0.91280654 0.91280654 0.91553134 0.91553134 0.91825613 0.91825613
 0.93188011 0.93188011 0.9346049  0.9346049  0.9373297  0.9373297
 0.9400545  0.9400545  0.94277929 0.94277929 0.94550409 0.94550409
 0.94822888 0.94822888 0.95367847 0.95367847 0.95640327 0.95640327
 0.95912807 0.95912807 0.96185286 0.96185286 0.96457766 0.96457766
 0.97275204 0.97275204 0.97547684 0.97547684 0.97820163 0.97820163
 0.98092643 0.98092643 0.98365123 0.98365123 0.98637602 0.98637602
 0.98910082 0.98910082 0.99182561 0.99182561 0.99455041 0.99455041
 0.9972752  0.9972752  1.         1.        ]
