[0.         0.01666667 0.01666667 0.06666667 0.06666667 0.16666667
 0.16666667 0.26666667 0.26666667 0.28333333 0.28333333 0.38333333
 0.38333333 0.4        0.4        0.46666667 0.46666667 0.48333333
 0.48333333 0.5        0.5        0.53333333 0.53333333 0.61666667
 0.61666667 0.63333333 0.63333333 0.65       0.65       0.66666667
 0.66666667 0.68333333 0.68333333 0.7        0.7        0.71666667
 0.71666667 0.73333333 0.73333333 0.75       0.75       0.78333333
 0.78333333 0.81666667 0.81666667 0.83333333 0.83333333 0.85
 0.85       0.86666667 0.86666667 0.88333333 0.88333333 0.9
 0.9        0.91666667 0.91666667 0.93333333 0.93333333 0.95
 0.95       0.96666667 0.96666667 0.98333333 0.98333333 1.
 1.        ]
[0.         0.01666667 0.03333333 0.03333333 0.16666667 0.16666667
 0.18333333 0.18333333 0.21666667 0.21666667 0.28333333 0.28333333
 0.3        0.3        0.33333333 0.33333333 0.35       0.35
 0.36666667 0.36666667 0.38333333 0.38333333 0.45       0.45
 0.46666667 0.46666667 0.48333333 0.48333333 0.5        0.5
 0.55       0.55       0.58333333 0.58333333 0.6        0.6
 0.63333333 0.63333333 0.65       0.65       0.66666667 0.66666667
 0.68333333 0.68333333 0.71666667 0.71666667 0.75       0.75
 0.76666667 0.76666667 0.78333333 0.78333333 0.8        0.8
 0.81666667 0.81666667 0.83333333 0.83333333 0.85       0.85
 0.86666667 0.86666667 0.88333333 0.88333333 0.9        0.9
 0.91666667 0.91666667 0.93333333 0.93333333 0.95       0.95
 0.96666667 0.96666667 0.98333333 0.98333333 1.         1.        ]
[0.         0.01666667 0.01666667 0.11666667 0.11666667 0.13333333
 0.13333333 0.15       0.15       0.3        0.3        0.36666667
 0.36666667 0.4        0.4        0.41666667 0.41666667 0.45
 0.45       0.46666667 0.46666667 0.48333333 0.48333333 0.51666667
 0.51666667 0.53333333 0.53333333 0.55       0.55       0.56666667
 0.56666667 0.6        0.6        0.63333333 0.63333333 0.66666667
 0.66666667 0.68333333 0.68333333 0.73333333 0.73333333 0.75
 0.75       0.76666667 0.76666667 0.8        0.8        0.81666667
 0.81666667 0.83333333 0.83333333 0.85       0.85       0.86666667
 0.86666667 0.91666667 0.91666667 0.93333333 0.93333333 0.95
 0.95       0.96666667 0.96666667 0.98333333 0.98333333 1.
 1.        ]
[0.         0.01666667 0.01666667 0.03333333 0.03333333 0.08333333
 0.08333333 0.1        0.1        0.16666667 0.16666667 0.3
 0.3        0.36666667 0.36666667 0.38333333 0.38333333 0.41666667
 0.41666667 0.45       0.45       0.46666667 0.46666667 0.5
 0.5        0.53333333 0.53333333 0.55       0.55       0.56666667
 0.56666667 0.58333333 0.58333333 0.65       0.65       0.66666667
 0.66666667 0.68333333 0.68333333 0.7        0.7        0.71666667
 0.71666667 0.73333333 0.73333333 0.78333333 0.78333333 0.8
 0.8        0.81666667 0.81666667 0.9        0.9        0.91666667
 0.91666667 0.93333333 0.93333333 0.95       0.95       0.98333333
 0.98333333 1.         1.        ]
